Run name: EEE_PISA01TestRun4Telescopes_20140507_014455
1399419895	INFO	Run started  Trigger: AND_ALL 7
1399419895	GEOM	145.00 85.00 23.00
1399419895	GPS	60514.000000 234237.032000 1 1024.483420 E 4343.227800 N
1399419895	INFO	Run continued  Trigger: AND_ALL 7
1399419895	STATUS	HV 9568.330078 0.000000 9371.044922 98.642578 8976.474609 98.642578 TEMP 31.50 128.50 29.50 27.00 29.50 28.50 HUMID -11.10 49.70 -21.99 -21.99 -21.99 -22.90 PRESS 1024.95 1033.66 105.56 105.56 105.56 105.56 RATES  0.00  0.00  0.00  0.00  0.00  0.00
1399419895	EVENT	1 1 0 332093675 39999705 39999705 27 27.36 145.00 28 27.18 85.00 29 27.01 23.00 
1399419895	EVENT	1 1 0 332093675 39999705 39999705 -30.00 27.36 145.00 -25.00 12.18 85.00 -20.00 0.00 23.00 
1399419895	EVENT	1 1 0 332093675 39999705 39999705 -30.00 27.36 145.00 -25.00 12.18 85.00 -20.00 -3.11 23.00 
1399419895	EVENT	1 1 0 332093675 39999705 39999705 -30.00 -30.1 145.00 -25.00 -24.9 85.00 -20.00 0.00 23.00 
